
metadata:
    version:
        essentia: "2.1-beta2"
    audio_properties:
        analysis_sample_rate: 44100
        bitrate: 1444
        channels: 2
        equal_loudness: 1
        length: 308.407440186
        replay_gain: -4.77290916443
        downmix: "mix"
    tags:
        album: ""
        artist: ""
        comment: ""
        date: ""
        genre: ""
        title: ""
        tracknumber: ""

configuration:
    average_loudness:
        compute: 1
        frameSize: 88200
        hopSize: 44100
        silentFrames: "noise"
        windowType: "hann"
    general:
        analysisSampleRate: 44100
        endTime: 2000
        equalLoudness: 1
        nequalLoudness: 0
        shortSound: 0
        startTime: 0
    lowlevel:
        compute: 1
        frameSize: 2048
        hopSize: 1024
        zeroPadding: 0
        silentFrames: "noise"
        windowType: "blackmanharris62"
        mfccStats: ["mean", "cov", "icov"]
        stats: ["mean", "var", "median", "min", "max", "dmean", "dmean2", "dvar", "dvar2"]
    panning:
        compute: 0
        frameSize: 8192
        hopSize: 2048
        zeroPadding: 8192
        silentFrames: "noise"
        windowType: "hann"
        stats: ["copy"]
    rhythm:
        compute: 1
        maxTempo: 208
        minTempo: 40
        method: "degara"
        stats: ["mean", "var", "median", "min", "max", "dmean", "dmean2", "dvar", "dvar2"]
    segmentation:
        compute: 0
        cpw: 5
        inc1: 300
        inc2: 50
        minimumSegmentsLength: 10
        size1: 1000
        size2: 600
    sfx:
        compute: 1
        stats: ["mean", "var", "median", "min", "max", "dmean", "dmean2", "dvar", "dvar2"]
    svm:
        compute: 0
    tonal:
        compute: 1
        frameSize: 4096
        hopSize: 2048
        zeroPadding: 0
        silentFrames: "noise"
        windowType: "blackmanharris62"
        stats: ["mean", "var", "median", "min", "max", "dmean", "dmean2", "dvar", "dvar2"]

lowlevel:
    average_loudness: 0.242818444967
    barkbands_kurtosis:
        dmean: 4.93640422821
        dmean2: 7.45359659195
        dvar: 155.959091187
        dvar2: 323.079071045
        max: 850.607055664
        mean: 12.7863492966
        median: 5.99891424179
        min: -1.85070383549
        var: 578.869506836
    barkbands_skewness:
        dmean: 0.556552171707
        dmean2: 0.843095064163
        dvar: 0.505395174026
        dvar2: 1.09165811539
        max: 24.1727733612
        mean: 1.86907684803
        median: 1.54934000969
        min: -5.69881248474
        var: 3.59730267525
    barkbands_spread:
        dmean: 1.2308242321
        dmean2: 1.90513408184
        dvar: 5.64977836609
        dvar2: 12.6872367859
        max: 72.0470123291
        mean: 5.09781455994
        median: 3.72171187401
        min: 0.093203060329
        var: 39.6204223633
    dissonance:
        dmean: 0.0456357859075
        dmean2: 0.0765324011445
        dvar: 0.00181723665446
        dvar2: 0.00485625024885
        max: 0.500000059605
        mean: 0.376464962959
        median: 0.383715599775
        min: 0.0970775932074
        var: 0.00489211734384
    hfc:
        dmean: 0.49288251996
        dmean2: 0.629216313362
        dvar: 1.41710114479
        dvar2: 2.52560448647
        max: 36.2144317627
        mean: 1.45751869678
        median: 0.59065926075
        min: 1.08705938667e-016
        var: 5.66453027725
    pitch:
        dmean: 71.9703826904
        dmean2: 136.886566162
        dvar: 52801.1757813
        dvar2: 136533.109375
        max: 4489.67480469
        mean: 366.284545898
        median: 330.942901611
        min: 55.3061447144
        var: 176374.109375
    pitch_instantaneous_confidence:
        dmean: 0.0702945664525
        dmean2: 0.112016737461
        dvar: 0.00692767463624
        dvar2: 0.0161447878927
        max: 0.992965340614
        mean: 0.681368231773
        median: 0.690418541431
        min: 0.112226366997
        var: 0.031708072871
    pitch_salience:
        dmean: 0.0650569424033
        dmean2: 0.103858627379
        dvar: 0.00542760780081
        dvar2: 0.0127696190029
        max: 0.987382173538
        mean: 0.476414054632
        median: 0.492025643587
        min: 0.0435454063118
        var: 0.0205759890378
    silence_rate_20dB:
        dmean: 0
        dmean2: 0
        dvar: 0
        dvar2: 0
        max: 1
        mean: 1
        median: 1
        min: 1
        var: 0
    silence_rate_30dB:
        dmean: 0
        dmean2: 0
        dvar: 0
        dvar2: 0
        max: 1
        mean: 1
        median: 1
        min: 1
        var: 0
    silence_rate_60dB:
        dmean: 0.0611353702843
        dmean2: 0.122279949486
        dvar: 0.0573896169662
        dvar2: 0.118444859982
        max: 1
        mean: 0.759090542793
        median: 1
        min: 0
        var: 0.182874470949
    spectral_centroid:
        dmean: 52.0368995667
        dmean2: 79.3041305542
        dvar: 19364.9042969
        dvar2: 40518.296875
        max: 11460.2373047
        mean: 582.575378418
        median: 507.112457275
        min: 213.493743896
        var: 156727.703125
    spectral_complexity:
        dmean: 0.797470271587
        dmean2: 1.29869735241
        dvar: 1.14806437492
        dvar2: 2.29319143295
        max: 18
        mean: 3.63366699219
        median: 3
        min: 0
        var: 7.90397548676
    spectral_crest:
        dmean: 2.23213219643
        dmean2: 3.49576640129
        dvar: 6.14111042023
        dvar2: 13.9983520508
        max: 26.6964969635
        mean: 14.7055082321
        median: 14.0127811432
        min: 3.29764699936
        var: 29.502571106
    spectral_decrease:
        dmean: 1.9038896848e-010
        dmean2: 2.50508030986e-010
        dvar: 1.56098067651e-019
        dvar2: 2.77076812378e-019
        max: 7.90296445253e-029
        mean: -6.12381090281e-010
        median: -2.80367090655e-010
        min: -1.05538022765e-008
        var: 7.76135969037e-019
    spectral_energy:
        dmean: 0.000762022449635
        dmean2: 0.0010007834062
        dvar: 2.52956624536e-006
        dvar2: 4.48319178759e-006
        max: 0.0431171767414
        mean: 0.0024434668012
        median: 0.00111550884321
        min: 9.94686140623e-021
        var: 1.24444541143e-005
    spectral_energyband_high:
        dmean: 2.29729084822e-006
        dmean2: 3.44750924341e-006
        dvar: 1.17101339736e-009
        dvar2: 2.84275403217e-009
        max: 0.00308622070588
        mean: 2.95774975712e-006
        median: 1.34546056074e-007
        min: 6.83969395229e-021
        var: 1.06778563769e-009
    spectral_energyband_low:
        dmean: 1.76220437424e-005
        dmean2: 2.78961670119e-005
        dvar: 1.8551187253e-009
        dvar2: 5.12125364338e-009
        max: 0.00123952666763
        mean: 3.9753245801e-005
        median: 1.18697835205e-005
        min: 2.05218488401e-023
        var: 5.71458791399e-009
    spectral_energyband_middle_high:
        dmean: 0.000188762351172
        dmean2: 0.000240119959926
        dvar: 5.2680383078e-007
        dvar2: 9.93152639239e-007
        max: 0.0210425239056
        mean: 0.000421249773353
        median: 7.51883490011e-005
        min: 1.41387512275e-021
        var: 1.46584636695e-006
    spectral_energyband_middle_low:
        dmean: 0.000646644446533
        dmean2: 0.000868840957992
        dvar: 1.98508769245e-006
        dvar2: 3.51822950506e-006
        max: 0.0399091988802
        mean: 0.00204817554913
        median: 0.000867244438268
        min: 2.74295620526e-022
        var: 9.86734448816e-006
    spectral_flatness_db:
        dmean: 0.0207393094897
        dmean2: 0.0324716232717
        dvar: 0.000533168786205
        dvar2: 0.00113377824891
        max: 0.545411169529
        mean: 0.319858551025
        median: 0.320817112923
        min: 0.0588710643351
        var: 0.0035746442154
    spectral_flux:
        dmean: 0.00732795149088
        dmean2: 0.0120121836662
        dvar: 0.000144420220749
        dvar2: 0.000359312893124
        max: 0.150411069393
        mean: 0.0143755562603
        median: 0.00986648723483
        min: 6.32411831236e-011
        var: 0.000220953195821
    spectral_kurtosis:
        dmean: 10.9821081161
        dmean2: 18.4531536102
        dvar: 107.200904846
        dvar2: 285.977081299
        max: 140.607650757
        mean: 40.4385261536
        median: 38.1154060364
        min: -1.22612893581
        var: 448.456451416
    spectral_rms:
        dmean: 0.000208376921364
        dmean2: 0.000272087054327
        dvar: 9.86386510249e-008
        dvar2: 1.72561058775e-007
        max: 0.00648579513654
        mean: 0.00125695404131
        median: 0.001043216791
        min: 3.11516546066e-012
        var: 8.03923398962e-007
    spectral_rolloff:
        dmean: 87.8991470337
        dmean2: 156.273117065
        dvar: 88342.9296875
        dvar2: 194829.53125
        max: 19207.6171875
        mean: 764.927734375
        median: 667.529296875
        min: 172.265625
        var: 497761.59375
    spectral_skewness:
        dmean: 0.69022667408
        dmean2: 1.15278625488
        dvar: 0.404299557209
        dvar2: 1.05681467056
        max: 9.93922615051
        mean: 4.89991617203
        median: 4.92407131195
        min: -0.0524142384529
        var: 2.08686184883
    spectral_spread:
        dmean: 319448
        dmean2: 527964.75
        dvar: 318417600512
        dvar2: 670118641664
        max: 41827720
        mean: 2138335
        median: 1712630
        min: 726243.375
        var: 3.15683373056e+012
    spectral_strongpeak:
        dmean: 0.174750849605
        dmean2: 0.251176714897
        dvar: 0.103290691972
        dvar2: 0.213473305106
        max: 7.74891471863
        mean: 0.578401386738
        median: 0.387468129396
        min: 5.48851741833e-010
        var: 0.385821729898
    zerocrossingrate:
        dmean: 0.00270061963238
        dmean2: 0.00330230477266
        dvar: 2.70487416856e-005
        dvar2: 3.27605521306e-005
        max: 0.50537109375
        mean: 0.0297367442399
        median: 0.0263671875
        min: 0.009765625
        var: 0.000399689015467
    barkbands:
        dmean: [8.88858597836e-010, 2.22848257181e-006, 8.09464381746e-006, 2.10214766412e-005, 4.09307940572e-005, 0.000263450143393, 0.000152268476086, 0.000100926918094, 0.000205506890779, 0.000152723296196, 1.91918516066e-005, 3.29329777742e-005, 6.58604812998e-006, 1.12671496026e-005, 7.69715643401e-006, 5.85516909268e-006, 9.447919183e-006, 3.08511471303e-006, 3.24248685502e-006, 2.32058073379e-006, 7.34068578367e-007, 1.46876629969e-007, 1.3617134087e-008, 2.48390019664e-009, 1.08178466185e-009, 1.15993520344e-010, 1.05953780472e-010]
        dmean2: [1.58422297503e-009, 3.3040253129e-006, 1.30779917527e-005, 3.3969670767e-005, 5.98648221057e-005, 0.00037580227945, 0.000238397158682, 0.000133335968712, 0.000257661071373, 0.00020410194702, 2.45968622039e-005, 4.11910477851e-005, 9.18587102205e-006, 1.50511104948e-005, 1.09805887405e-005, 8.42594818096e-006, 1.38735631481e-005, 4.77752882944e-006, 4.89122794534e-006, 3.52818642568e-006, 1.07216328615e-006, 2.20935575612e-007, 2.31456507294e-008, 4.24816226641e-009, 1.86511028843e-009, 2.0898596742e-010, 1.94925339758e-010]
        dvar: [2.5272009667e-018, 3.20057834402e-011, 2.84085061031e-010, 5.08737940663e-009, 8.28354096427e-009, 5.96587199198e-007, 2.34196335214e-007, 1.69434002828e-007, 8.31261843359e-007, 5.16352599789e-007, 1.12451514767e-008, 7.48606510115e-008, 6.8343503079e-010, 6.45900710694e-009, 1.73925718272e-009, 1.38967570784e-009, 1.65017399745e-009, 4.08800771012e-010, 1.00660135782e-009, 1.21711918322e-009, 2.60835780058e-011, 1.23000860799e-012, 4.00603724184e-014, 8.01790005866e-016, 1.41454131615e-016, 4.6994408577e-020, 5.36977283959e-020]
        dvar2: [7.83442527766e-018, 5.99035474003e-011, 6.9444822115e-010, 1.59842112879e-008, 1.54026409405e-008, 1.16489388802e-006, 5.6077209365e-007, 2.29516913919e-007, 1.38138022976e-006, 1.03358729575e-006, 1.69587188736e-008, 1.31132139813e-007, 1.17891019169e-009, 1.24092887077e-008, 3.78649556154e-009, 2.93377833138e-009, 3.56626128628e-009, 1.05850883614e-009, 2.84651879845e-009, 2.96744451234e-009, 5.27274855722e-011, 2.68424388619e-012, 1.10631413698e-013, 2.16982312516e-015, 4.02698362547e-016, 1.51655551999e-019, 1.75248190635e-019]
        max: [3.04250988847e-008, 0.000271147233434, 0.00044227624312, 0.00241019204259, 0.00366368936375, 0.0317671187222, 0.0122841540724, 0.0223083980381, 0.0344275012612, 0.020095134154, 0.00890561658889, 0.0156628675759, 0.00135203648824, 0.00478950655088, 0.00221238611266, 0.00217710179277, 0.00157390593085, 0.00108473398723, 0.00227260240354, 0.00312405824661, 0.000260131433606, 5.32734156877e-005, 1.39579178722e-005, 1.42690487337e-006, 7.00556483935e-007, 4.11392786503e-009, 4.12171363706e-009]
        mean: [9.43366385009e-010, 4.96395159644e-006, 1.38652694659e-005, 4.37913404312e-005, 9.27155269892e-005, 0.000738342350814, 0.000363119877875, 0.000279705913272, 0.000418686249759, 0.000289356481517, 3.93963709939e-005, 6.73878530506e-005, 1.62645355886e-005, 2.03921790671e-005, 1.5654033632e-005, 9.84839061857e-006, 1.61551688507e-005, 4.89516332891e-006, 4.84137035528e-006, 2.84876477963e-006, 1.03685852082e-006, 1.77546624514e-007, 1.64863696028e-008, 4.73699479642e-009, 2.93417712349e-009, 2.56795446019e-010, 8.59428986311e-011]
        median: [4.38701547312e-010, 7.9148662735e-007, 4.26304723078e-006, 6.42247050564e-006, 3.28877940774e-005, 0.000134025060106, 8.06466850918e-005, 2.88548872049e-005, 4.02541809308e-005, 1.6930669517e-005, 5.84611370869e-006, 3.54405437974e-006, 2.39181485995e-006, 2.26589895647e-006, 2.01485840989e-006, 9.59105250331e-007, 1.25518249661e-006, 4.15565978074e-007, 2.62091134573e-007, 8.95787692912e-008, 4.45053061071e-008, 1.61914517349e-008, 4.77288208955e-009, 3.10164627315e-009, 2.40426967224e-009, 2.01439559477e-010, 1.6905215075e-011]
        min: [2.27100176459e-024, 4.53897390887e-024, 2.72196100359e-024, 4.30548804143e-024, 5.26176566224e-023, 2.67160588209e-023, 1.40213194368e-023, 1.13997934426e-023, 3.02302763814e-023, 2.64287714564e-023, 2.8777450185e-023, 4.01371450389e-023, 3.18545504516e-023, 7.49453958235e-023, 4.73553611612e-023, 1.07417094249e-022, 7.57636843959e-023, 1.24380961104e-022, 1.84460115396e-022, 3.33858329672e-022, 2.74702950432e-022, 4.09871174207e-022, 4.31729765206e-022, 6.78432343932e-022, 8.84413998462e-022, 1.54060096974e-021, 2.14719688809e-021]
        var: [2.49621167903e-018, 2.1415957896e-010, 7.23610615871e-010, 1.04137622969e-008, 3.59209195722e-008, 3.08292464979e-006, 7.88610918789e-007, 9.63469688031e-007, 2.56617477135e-006, 1.25734504763e-006, 3.47464350625e-008, 2.26410392656e-007, 3.71333142013e-009, 1.39553648637e-008, 4.02318311998e-009, 2.34729213844e-009, 3.52143447735e-009, 5.09453090825e-010, 7.53483664351e-010, 1.1133037825e-009, 4.0382936578e-011, 1.53498210236e-012, 3.06455876572e-014, 5.68636510898e-016, 9.23112917181e-017, 4.6537084327e-020, 4.39166536946e-020]
    frequency_bands:
        dmean: [8.88858597836e-010, 2.22848257181e-006, 8.09464381746e-006, 2.10214766412e-005, 4.09307940572e-005, 0.000263450143393, 0.000152268476086, 0.000100926918094, 0.000205506890779, 0.000152723296196, 1.91918516066e-005, 3.29329777742e-005, 6.58604812998e-006, 1.12671496026e-005, 7.69715643401e-006, 5.85516909268e-006, 9.447919183e-006, 3.08511471303e-006, 3.24248685502e-006, 2.32058073379e-006, 7.34068578367e-007, 1.46876629969e-007, 1.3617134087e-008, 2.48390019664e-009, 1.08178466185e-009, 1.15993520344e-010, 1.05953780472e-010, 3.03230426879e-011]
        dmean2: [1.58422297503e-009, 3.3040253129e-006, 1.30779917527e-005, 3.3969670767e-005, 5.98648221057e-005, 0.00037580227945, 0.000238397158682, 0.000133335968712, 0.000257661071373, 0.00020410194702, 2.45968622039e-005, 4.11910477851e-005, 9.18587102205e-006, 1.50511104948e-005, 1.09805887405e-005, 8.42594818096e-006, 1.38735631481e-005, 4.77752882944e-006, 4.89122794534e-006, 3.52818642568e-006, 1.07216328615e-006, 2.20935575612e-007, 2.31456507294e-008, 4.24816226641e-009, 1.86511028843e-009, 2.0898596742e-010, 1.94925339758e-010, 5.57887243346e-011]
        dvar: [2.5272009667e-018, 3.20057834402e-011, 2.84085061031e-010, 5.08737940663e-009, 8.28354096427e-009, 5.96587199198e-007, 2.34196335214e-007, 1.69434002828e-007, 8.31261843359e-007, 5.16352599789e-007, 1.12451514767e-008, 7.48606510115e-008, 6.8343503079e-010, 6.45900710694e-009, 1.73925718272e-009, 1.38967570784e-009, 1.65017399745e-009, 4.08800771012e-010, 1.00660135782e-009, 1.21711918322e-009, 2.60835780058e-011, 1.23000860799e-012, 4.00603724184e-014, 8.01790005866e-016, 1.41454131615e-016, 4.6994408577e-020, 5.36977283959e-020, 4.39895457549e-021]
        dvar2: [7.83442527766e-018, 5.99035474003e-011, 6.9444822115e-010, 1.59842112879e-008, 1.54026409405e-008, 1.16489388802e-006, 5.6077209365e-007, 2.29516913919e-007, 1.38138022976e-006, 1.03358729575e-006, 1.69587188736e-008, 1.31132139813e-007, 1.17891019169e-009, 1.24092887077e-008, 3.78649556154e-009, 2.93377833138e-009, 3.56626128628e-009, 1.05850883614e-009, 2.84651879845e-009, 2.96744451234e-009, 5.27274855722e-011, 2.68424388619e-012, 1.10631413698e-013, 2.16982312516e-015, 4.02698362547e-016, 1.51655551999e-019, 1.75248190635e-019, 1.43570507747e-020]
        max: [3.04250988847e-008, 0.000271147233434, 0.00044227624312, 0.00241019204259, 0.00366368936375, 0.0317671187222, 0.0122841540724, 0.0223083980381, 0.0344275012612, 0.020095134154, 0.00890561658889, 0.0156628675759, 0.00135203648824, 0.00478950655088, 0.00221238611266, 0.00217710179277, 0.00157390593085, 0.00108473398723, 0.00227260240354, 0.00312405824661, 0.000260131433606, 5.32734156877e-005, 1.39579178722e-005, 1.42690487337e-006, 7.00556483935e-007, 4.11392786503e-009, 4.12171363706e-009, 1.17768572672e-009]
        mean: [9.43366385009e-010, 4.96395159644e-006, 1.38652694659e-005, 4.37913404312e-005, 9.27155269892e-005, 0.000738342350814, 0.000363119877875, 0.000279705913272, 0.000418686249759, 0.000289356481517, 3.93963709939e-005, 6.73878530506e-005, 1.62645355886e-005, 2.03921790671e-005, 1.5654033632e-005, 9.84839061857e-006, 1.61551688507e-005, 4.89516332891e-006, 4.84137035528e-006, 2.84876477963e-006, 1.03685852082e-006, 1.77546624514e-007, 1.64863696028e-008, 4.73699479642e-009, 2.93417712349e-009, 2.56795446019e-010, 8.59428986311e-011, 2.4405482843e-011]
        median: [4.38701547312e-010, 7.9148662735e-007, 4.26304723078e-006, 6.42247050564e-006, 3.28877940774e-005, 0.000134025060106, 8.06466850918e-005, 2.88548872049e-005, 4.02541809308e-005, 1.6930669517e-005, 5.84611370869e-006, 3.54405437974e-006, 2.39181485995e-006, 2.26589895647e-006, 2.01485840989e-006, 9.59105250331e-007, 1.25518249661e-006, 4.15565978074e-007, 2.62091134573e-007, 8.95787692912e-008, 4.45053061071e-008, 1.61914517349e-008, 4.77288208955e-009, 3.10164627315e-009, 2.40426967224e-009, 2.01439559477e-010, 1.6905215075e-011, 4.63765050668e-012]
        min: [2.27100176459e-024, 4.53897390887e-024, 2.72196100359e-024, 4.30548804143e-024, 5.26176566224e-023, 2.67160588209e-023, 1.40213194368e-023, 1.13997934426e-023, 3.02302763814e-023, 2.64287714564e-023, 2.8777450185e-023, 4.01371450389e-023, 3.18545504516e-023, 7.49453958235e-023, 4.73553611612e-023, 1.07417094249e-022, 7.57636843959e-023, 1.24380961104e-022, 1.84460115396e-022, 3.33858329672e-022, 2.74702950432e-022, 4.09871174207e-022, 4.31729765206e-022, 6.78432343932e-022, 8.84413998462e-022, 1.54060096974e-021, 2.14719688809e-021, 6.52254228295e-022]
        var: [2.49621167903e-018, 2.1415957896e-010, 7.23610615871e-010, 1.04137622969e-008, 3.59209195722e-008, 3.08292464979e-006, 7.88610918789e-007, 9.63469688031e-007, 2.56617477135e-006, 1.25734504763e-006, 3.47464350625e-008, 2.26410392656e-007, 3.71333142013e-009, 1.39553648637e-008, 4.02318311998e-009, 2.34729213844e-009, 3.52143447735e-009, 5.09453090825e-010, 7.53483664351e-010, 1.1133037825e-009, 4.0382936578e-011, 1.53498210236e-012, 3.06455876572e-014, 5.68636510898e-016, 9.23112917181e-017, 4.6537084327e-020, 4.39166536946e-020, 3.59572059933e-021]
    mfcc:
        mean: [-906.449645996, 174.4634552, -3.9140124321, -12.475271225, -14.945315361, -27.702255249, -18.3372268677, -13.5490064621, -7.89453029633, -6.02508974075, -7.80072450638, -6.43441820145, -4.92432498932]
        cov: [[5367.33154297, 1879.34362793, -2159.57275391, 259.956787109, -138.510635376, -512.54486084, 85.5327987671, -99.6689147949, 76.8904876709, 55.487285614, -35.4517974854, 15.7481956482, -38.6697998047], [1879.34362793, 1283.98388672, -262.659393311, -105.870399475, 11.0797462463, -155.722854614, -70.9674758911, -63.0939788818, -53.1861915588, -34.672706604, -45.1321525574, -42.8803749084, -55.0311660767], [-2159.57275391, -262.659393311, 1448.01928711, -123.387535095, 44.2459564209, 272.476104736, -82.3263168335, 13.3012208939, -81.0847320557, -78.7233581543, -10.9229726791, -43.2133674622, -25.6614589691], [259.956787109, -105.870399475, -123.387535095, 282.366363525, 28.8262424469, -20.4930381775, 64.1351470947, -3.35739159584, 25.491186142, 28.9911956787, 26.1463489532, 32.5040130615, 19.2163391113], [-138.510635376, 11.0797462463, 44.2459564209, 28.8262424469, 205.87260437, 78.2897872925, -11.6482362747, 6.5089802742, -37.3083648682, -10.9203519821, 4.81855249405, 14.4113664627, 33.4419021606], [-512.54486084, -155.722854614, 272.476104736, -20.4930381775, 78.2897872925, 253.447631836, 96.6547088623, 33.5545463562, 6.26292610168, -32.1263389587, -15.2748041153, 2.98547768593, 0.586881756783], [85.5327987671, -70.9674758911, -82.3263168335, 64.1351470947, -11.6482362747, 96.6547088623, 209.417236328, 118.786621094, 67.2812194824, 37.6027259827, 2.22073602676, 2.18287563324, -3.94148015976], [-99.6689147949, -63.0939788818, 13.3012208939, -3.35739159584, 6.5089802742, 33.5545463562, 118.786621094, 202.64654541, 131.245025635, 40.8686408997, -3.04550909996, -20.0201854706, 0.746515572071], [76.8904876709, -53.1861915588, -81.0847320557, 25.491186142, -37.3083648682, 6.26292610168, 67.2812194824, 131.245025635, 220.609909058, 122.435394287, -6.20447254181, -26.7426185608, -24.3269062042], [55.487285614, -34.672706604, -78.7233581543, 28.9911956787, -10.9203519821, -32.1263389587, 37.6027259827, 40.8686408997, 122.435394287, 187.559066772, 68.4278030396, -27.0519733429, -12.3908147812], [-35.4517974854, -45.1321525574, -10.9229726791, 26.1463489532, 4.81855249405, -15.2748041153, 2.22073602676, -3.04550909996, -6.20447254181, 68.4278030396, 134.142456055, 63.9624061584, -10.405207634], [15.7481956482, -42.8803749084, -43.2133674622, 32.5040130615, 14.4113664627, 2.98547768593, 2.18287563324, -20.0201854706, -26.7426185608, -27.0519733429, 63.9624061584, 156.680862427, 77.2253799438], [-38.6697998047, -55.0311660767, -25.6614589691, 19.2163391113, 33.4419021606, 0.586881756783, -3.94148015976, 0.746515572071, -24.3269062042, -12.3908147812, -10.405207634, 77.2253799438, 174.378707886]]
        icov: [[0.169606491923, -0.238638848066, 0.236357495189, -0.230370044708, 0.221337452531, -0.207822144032, 0.191716656089, -0.169310107827, 0.143196567893, -0.111376620829, 0.0786952450871, -0.0489273443818, 0.0242061596364], [-0.238638848066, 0.336811393499, -0.332747042179, 0.325200676918, -0.312804609537, 0.294467329979, -0.271786987782, 0.240389317274, -0.203353121877, 0.158569797873, -0.111719101667, 0.0697561427951, -0.0342657491565], [0.236357495189, -0.332747042179, 0.33148932457, -0.323102295399, 0.312171697617, -0.295936912298, 0.274852305651, -0.243752554059, 0.207445055246, -0.162095606327, 0.114755667746, -0.0716815143824, 0.0361903458834], [-0.230370044708, 0.325200676918, -0.323102295399, 0.321935862303, -0.30894741416, 0.293802946806, -0.276252776384, 0.246615871787, -0.211136639118, 0.166294679046, -0.118884570897, 0.0744916945696, -0.0382439121604], [0.221337452531, -0.312804609537, 0.312171697617, -0.30894741416, 0.306389838457, -0.290290981531, 0.273819744587, -0.24636721611, 0.213392958045, -0.169447287917, 0.120629400015, -0.0767856612802, 0.0387464091182], [-0.207822144032, 0.294467329979, -0.295936912298, 0.293802946806, -0.290290981531, 0.285932540894, -0.270622730255, 0.243270233274, -0.21206972003, 0.171035945415, -0.121724866331, 0.0781732201576, -0.0408478192985], [0.191716656089, -0.271786987782, 0.274852305651, -0.276252776384, 0.273819744587, -0.270622730255, 0.268329799175, -0.24288366735, 0.211854204535, -0.173255905509, 0.125665038824, -0.0822252184153, 0.0442926324904], [-0.169310107827, 0.240389317274, -0.243752554059, 0.246615871787, -0.24636721611, 0.243270233274, -0.24288366735, 0.231987267733, -0.204863533378, 0.167064100504, -0.123171634972, 0.0818561017513, -0.0450932383537], [0.143196567893, -0.203353121877, 0.207445055246, -0.211136639118, 0.213392958045, -0.21206972003, 0.211854204535, -0.204863533378, 0.193021863699, -0.159865036607, 0.119051836431, -0.0789115130901, 0.044448569417], [-0.111376620829, 0.158569797873, -0.162095606327, 0.166294679046, -0.169447287917, 0.171035945415, -0.173255905509, 0.167064100504, -0.159865036607, 0.143064647913, -0.107632473111, 0.0726898983121, -0.0402969643474], [0.0786952450871, -0.111719101667, 0.114755667746, -0.118884570897, 0.120629400015, -0.121724866331, 0.125665038824, -0.123171634972, 0.119051836431, -0.107632473111, 0.0925250053406, -0.061497669667, 0.0345424599946], [-0.0489273443818, 0.0697561427951, -0.0716815143824, 0.0744916945696, -0.0767856612802, 0.0781732201576, -0.0822252184153, 0.0818561017513, -0.0789115130901, 0.0726898983121, -0.061497669667, 0.0497930124402, -0.0269043184817], [0.0242061596364, -0.0342657491565, 0.0361903458834, -0.0382439121604, 0.0387464091182, -0.0408478192985, 0.0442926324904, -0.0450932383537, 0.044448569417, -0.0402969643474, 0.0345424599946, -0.0269043184817, 0.0210434552282]]
    sccoeffs:
        dmean: [0.0448496304452, 0.0427590832114, 0.0378379561007, 0.0298217851669, 0.022668775171, 0.0154436351731]
        dmean2: [0.0746195688844, 0.0680118724704, 0.0579369813204, 0.0466627962887, 0.0348546467721, 0.024223472923]
        dvar: [0.00130019860808, 0.00166799675208, 0.00150819087867, 0.000806687225122, 0.000414875656134, 0.000353487906978]
        dvar2: [0.00351202604361, 0.00383936101571, 0.00319411791861, 0.00184136175085, 0.000921064754948, 0.000725056452211]
        max: [-0.341495007277, -0.258030295372, -0.309298485518, -0.457408457994, -0.541125237942, -0.581607818604]
        mean: [-0.638180613518, -0.659328579903, -0.683207690716, -0.734187722206, -0.783135354519, -0.843205571175]
        median: [-0.640325307846, -0.666282892227, -0.689718902111, -0.734858810902, -0.779398798943, -0.861462473869]
        min: [-0.965917050838, -0.982034504414, -0.966286659241, -0.968245565891, -0.963538646698, -0.965013504028]
        var: [0.0074488078244, 0.0114591056481, 0.00877184327692, 0.00411262130365, 0.00396345322952, 0.00214531715028]
    scvalleys:
        dmean: [0.439353108406, 0.388581097126, 0.371319413185, 0.379601806402, 0.311498701572, 0.137028664351]
        dmean2: [0.715809524059, 0.599993526936, 0.576443314552, 0.586854040623, 0.469760119915, 0.230981096625]
        dvar: [0.142125636339, 0.183550298214, 0.166751503944, 0.173792868853, 0.129117965698, 0.0357624404132]
        dvar2: [0.341593146324, 0.389134168625, 0.344011723995, 0.373258948326, 0.267132043839, 0.081786043942]
        max: [-6.00498056412, -4.17594671249, -5.50657367706, -6.47321462631, -6.99719285965, -10.0629081726]
        mean: [-8.86213302612, -7.37328624725, -8.5870552063, -9.86359500885, -10.7944936752, -12.7037563324]
        median: [-8.8092880249, -7.24060773849, -8.46436786652, -9.85026550293, -11.0242395401, -12.6765327454]
        min: [-28.244726181, -27.5507469177, -27.6191902161, -27.4451446533, -27.4764671326, -27.3284721375]
        var: [1.18552398682, 1.62853586674, 1.64760565758, 1.65717852116, 0.973814845085, 0.245753407478]

rhythm:
    beats_loudness:
        dmean: 0.00285936496221
        dmean2: 0.00498143071309
        dvar: 1.40831543831e-005
        dvar2: 4.00058888772e-005
        max: 0.0350650623441
        mean: 0.0037931278348
        median: 0.00201267423108
        min: 1.09323095021e-009
        var: 2.28393073485e-005
    bpm: 129.321258545
    bpm_confidence: 0
    first_peak_bpm: 129
    first_peak_spread: 0.659574508667
    first_peak_weight: 0.0910384058952
    onset_rate: 3.53428578377
    second_peak_bpm: 123
    second_peak_spread: 0.373333334923
    second_peak_weight: 0.0668563321233
    beats_loudness_band_ratio:
        dmean: [0.0663200989366, 0.263715207577, 0.291181653738, 0.14387729764, 0.0244261603802, 0.00463594030589]
        dmean2: [0.112335540354, 0.461911857128, 0.506676018238, 0.256875485182, 0.0446911007166, 0.00812593195587]
        dvar: [0.00833224132657, 0.0523176677525, 0.0511371679604, 0.0447275191545, 0.00372146442533, 0.000392874149838]
        dvar2: [0.0224556587636, 0.139132872224, 0.152862563729, 0.127709820867, 0.0106484871358, 0.00107384938747]
        max: [0.716897010803, 0.984360456467, 0.996187567711, 0.982811629772, 0.935911357403, 0.470852613449]
        mean: [0.0691215321422, 0.388264000416, 0.462722420692, 0.132093966007, 0.0214535798877, 0.00493432255462]
        median: [0.0245784446597, 0.349184513092, 0.453253865242, 0.0425912216306, 0.00876856967807, 0.00065095431637]
        min: [7.22374170437e-005, 0.000196136752493, 0.00151751819067, 0.000737190886866, 0.000114249218313, 1.55909310706e-005]
        var: [0.0116696516052, 0.0868521928787, 0.0779508948326, 0.0421475023031, 0.00244026468135, 0.000889696355443]
