{
"lowlevel": {
    "average_loudness": 0.685596108437,
    "barkbands_crest": {
        "dmean": 3.08482646942,
        "dmean2": 5.11952352524,
        "dvar": 9.44047164917,
        "dvar2": 24.1436538696,
        "max": 26.7874011993,
        "mean": 10.4136838913,
        "median": 9.10723781586,
        "min": 2.49818325043,
        "var": 26.2255210876
    },
    "barkbands_flatness_db": {
        "dmean": 0.0253138653934,
        "dmean2": 0.0389479324222,
        "dvar": 0.000788804260083,
        "dvar2": 0.00170712557156,
        "max": 0.603061974049,
        "mean": 0.179332956672,
        "median": 0.17560121417,
        "min": 0.0251319687814,
        "var": 0.00531232496724
    },
    "barkbands_kurtosis": {
        "dmean": 4.31254434586,
        "dmean2": 7.0314540863,
        "dvar": 182.680206299,
        "dvar2": 443.223205566,
        "max": 464.31817627,
        "mean": 4.86899423599,
        "median": 1.06833839417,
        "min": -1.87285447121,
        "var": 243.780593872
    },
    "barkbands_skewness": {
        "dmean": 0.665787875652,
        "dmean2": 1.04525077343,
        "dvar": 0.799879252911,
        "dvar2": 1.89196479321,
        "max": 18.8702278137,
        "mean": 0.863291442394,
        "median": 0.657220184803,
        "min": -9.99209690094,
        "var": 3.3274242878
    },
    "barkbands_spread": {
        "dmean": 4.82827854156,
        "dmean2": 7.824842453,
        "dvar": 37.6894989014,
        "dvar2": 94.7353515625,
        "max": 103.583297729,
        "mean": 18.7117881775,
        "median": 16.3677635193,
        "min": 0.153841868043,
        "var": 141.1434021
    },
    "dissonance": {
        "dmean": 0.0166827719659,
        "dmean2": 0.0277416296303,
        "dvar": 0.000384479208151,
        "dvar2": 0.00100155791733,
        "max": 0.500000119209,
        "mean": 0.467444866896,
        "median": 0.479878097773,
        "min": 0.148650154471,
        "var": 0.00127316638827
    },
    "dynamic_complexity": 5.51852655411,
    "erbbands_crest": {
        "dmean": 2.52381300926,
        "dmean2": 4.07940101624,
        "dvar": 6.81050634384,
        "dvar2": 16.9750003815,
        "max": 31.667766571,
        "mean": 9.20384502411,
        "median": 8.21809864044,
        "min": 2.42914843559,
        "var": 23.5728588104
    },
    "erbbands_flatness_db": {
        "dmean": 0.0180929154158,
        "dmean2": 0.0260820481926,
        "dvar": 0.000385301013011,
        "dvar2": 0.000713162880857,
        "max": 0.523874521255,
        "mean": 0.216727271676,
        "median": 0.217481389642,
        "min": 0.0404721386731,
        "var": 0.00510580232367
    },
    "erbbands_kurtosis": {
        "dmean": 1.27760994434,
        "dmean2": 2.00883436203,
        "dvar": 14.0923728943,
        "dvar2": 33.0350646973,
        "max": 116.776473999,
        "mean": 1.17355585098,
        "median": 0.350769639015,
        "min": -1.72366130352,
        "var": 17.069026947
    },
    "erbbands_skewness": {
        "dmean": 0.382972955704,
        "dmean2": 0.583202600479,
        "dvar": 0.219867840409,
        "dvar2": 0.481524169445,
        "max": 9.00480270386,
        "mean": 0.0426558069885,
        "median": 0.0926653966308,
        "min": -3.80964636803,
        "var": 1.06675827503
    },
    "erbbands_spread": {
        "dmean": 5.68143510818,
        "dmean2": 8.92947292328,
        "dvar": 55.9388427734,
        "dvar2": 130.121002197,
        "max": 148.672058105,
        "mean": 25.999124527,
        "median": 22.5489559174,
        "min": 1.1293772459,
        "var": 189.820449829
    },
    "hfc": {
        "dmean": 3.78894042969,
        "dmean2": 5.44945907593,
        "dvar": 26.0595035553,
        "dvar2": 57.4899024963,
        "max": 114.576286316,
        "mean": 17.0368175507,
        "median": 14.3512163162,
        "min": 1.04208709878e-016,
        "var": 283.405334473
    },
    "melbands_crest": {
        "dmean": 3.32402348518,
        "dmean2": 5.49424743652,
        "dvar": 10.4267807007,
        "dvar2": 27.0289649963,
        "max": 33.7194786072,
        "mean": 12.3629999161,
        "median": 12.0070333481,
        "min": 1.50090193748,
        "var": 38.9059181213
    },
    "melbands_flatness_db": {
        "dmean": 0.0298276301473,
        "dmean2": 0.0445839576423,
        "dvar": 0.00122221256606,
        "dvar2": 0.00253146002069,
        "max": 0.671493589878,
        "mean": 0.20357593894,
        "median": 0.208701178432,
        "min": 0.00235885870643,
        "var": 0.0113283293322
    },
    "melbands_kurtosis": {
        "dmean": 7.4508523941,
        "dmean2": 12.2976570129,
        "dvar": 356.871429443,
        "dvar2": 896.941467285,
        "max": 407.25592041,
        "mean": 9.94390678406,
        "median": 1.98087060452,
        "min": -1.86561715603,
        "var": 590.376586914
    },
    "melbands_skewness": {
        "dmean": 0.78562349081,
        "dmean2": 1.24474322796,
        "dvar": 1.04204165936,
        "dvar2": 2.53051114082,
        "max": 16.6049175262,
        "mean": 1.76865136623,
        "median": 1.25550746918,
        "min": -5.15402507782,
        "var": 3.8524620533
    },
    "melbands_spread": {
        "dmean": 8.76738548279,
        "dmean2": 14.1340179443,
        "dvar": 153.637466431,
        "dvar2": 365.135467529,
        "max": 239.427932739,
        "mean": 36.9982147217,
        "median": 22.9746875763,
        "min": 0.20868563652,
        "var": 1514.33581543
    },
    "pitch_salience": {
        "dmean": 0.0818748250604,
        "dmean2": 0.133789122105,
        "dvar": 0.00687002483755,
        "dvar2": 0.0175788477063,
        "max": 0.900841474533,
        "mean": 0.586318731308,
        "median": 0.598885476589,
        "min": 0.0410657115281,
        "var": 0.0253281649202
    },
    "silence_rate_20dB": {
        "dmean": 0,
        "dmean2": 0,
        "dvar": 0,
        "dvar2": 0,
        "max": 1,
        "mean": 1,
        "median": 1,
        "min": 1,
        "var": 0
    },
    "silence_rate_30dB": {
        "dmean": 0,
        "dmean2": 0,
        "dvar": 0,
        "dvar2": 0,
        "max": 1,
        "mean": 1,
        "median": 1,
        "min": 1,
        "var": 0
    },
    "silence_rate_60dB": {
        "dmean": 0.0348636507988,
        "dmean2": 0.0697393417358,
        "dvar": 0.0336502715945,
        "dvar2": 0.0752270594239,
        "max": 1,
        "mean": 0.24158757925,
        "median": 0,
        "min": 0,
        "var": 0.183213427663
    },
    "spectral_centroid": {
        "dmean": 246.491668701,
        "dmean2": 381.636383057,
        "dvar": 104451.523438,
        "dvar2": 221570.8125,
        "max": 12050.7763672,
        "mean": 2281.81079102,
        "median": 1520.05224609,
        "min": 140.586074829,
        "var": 6878952.5
    },
    "spectral_complexity": {
        "dmean": 2.92958235741,
        "dmean2": 4.14776468277,
        "dvar": 11.1354570389,
        "dvar2": 19.1921424866,
        "max": 48,
        "mean": 16.7192401886,
        "median": 17,
        "min": 0,
        "var": 167.332321167
    },
    "spectral_decrease": {
        "dmean": 1.61825419731e-009,
        "dmean2": 2.52146126201e-009,
        "dvar": 5.60852608985e-018,
        "dvar2": 1.41019769149e-017,
        "max": 2.68589299302e-028,
        "mean": -5.06699260328e-009,
        "median": -4.32973745745e-009,
        "min": -3.0055755218e-008,
        "var": 2.18337035836e-017
    },
    "spectral_energy": {
        "dmean": 0.00633894884959,
        "dmean2": 0.00983844324946,
        "dvar": 8.22814035928e-005,
        "dvar2": 0.000205677482882,
        "max": 0.115631714463,
        "mean": 0.020669311285,
        "median": 0.0178842917085,
        "min": 9.83090667867e-021,
        "var": 0.000349941052264
    },
    "spectral_energyband_high": {
        "dmean": 7.51898987801e-005,
        "dmean2": 0.000114246955491,
        "dvar": 2.31624515123e-008,
        "dvar2": 5.25584162858e-008,
        "max": 0.00329824513756,
        "mean": 0.000182828342076,
        "median": 7.36852089176e-005,
        "min": 6.55427827077e-021,
        "var": 6.94509836308e-008
    },
    "spectral_energyband_low": {
        "dmean": 0.0044840388,
        "dmean2": 0.00728553440422,
        "dvar": 8.04022492957e-005,
        "dvar2": 0.00020954318461,
        "max": 0.105098217726,
        "mean": 0.00639312015846,
        "median": 0.000482768111397,
        "min": 1.06365768277e-023,
        "var": 0.000134993897518
    },
    "spectral_energyband_middle_high": {
        "dmean": 0.00200473773293,
        "dmean2": 0.00292787072249,
        "dvar": 8.25726056064e-006,
        "dvar2": 1.87765854207e-005,
        "max": 0.0567995011806,
        "mean": 0.0066992319189,
        "median": 0.00473396340385,
        "min": 1.0838251106e-021,
        "var": 5.40596847713e-005
    },
    "spectral_energyband_middle_low": {
        "dmean": 0.00248420471326,
        "dmean2": 0.00399899063632,
        "dvar": 1.43205033964e-005,
        "dvar2": 3.62692117051e-005,
        "max": 0.0824842080474,
        "mean": 0.00792840123177,
        "median": 0.00432095350698,
        "min": 1.17114542425e-022,
        "var": 8.62155502546e-005
    },
    "spectral_entropy": {
        "dmean": 0.144652739167,
        "dmean2": 0.207996979356,
        "dvar": 0.042674113065,
        "dvar2": 0.0786915943027,
        "max": 9.82753181458,
        "mean": 7.56074523926,
        "median": 7.41468858719,
        "min": 3.43410110474,
        "var": 0.684590399265
    },
    "spectral_flux": {
        "dmean": 0.019033184275,
        "dmean2": 0.0302246510983,
        "dvar": 0.000462043564767,
        "dvar2": 0.00118857633788,
        "max": 0.260930836201,
        "mean": 0.0711841732264,
        "median": 0.0755679532886,
        "min": 6.34533328658e-011,
        "var": 0.00222841650248
    },
    "spectral_kurtosis": {
        "dmean": 3.29186201096,
        "dmean2": 5.7226395607,
        "dvar": 24.9708099365,
        "dvar2": 63.2897338867,
        "max": 136.820220947,
        "mean": 6.61915969849,
        "median": 5.37801170349,
        "min": -1.29287302494,
        "var": 59.8489685059
    },
    "spectral_rms": {
        "dmean": 0.000635190750472,
        "dmean2": 0.000942895829212,
        "dvar": 5.66819437609e-007,
        "dvar2": 1.30257058117e-006,
        "max": 0.0106212729588,
        "mean": 0.00377941899933,
        "median": 0.00417709117755,
        "min": 3.09695476729e-012,
        "var": 5.88102147958e-006
    },
    "spectral_rolloff": {
        "dmean": 388.022186279,
        "dmean2": 639.349182129,
        "dvar": 460203.09375,
        "dvar2": 956237.125,
        "max": 19982.8125,
        "mean": 3159.52270508,
        "median": 1464.2578125,
        "min": 43.06640625,
        "var": 24245052
    },
    "spectral_skewness": {
        "dmean": 0.330168783665,
        "dmean2": 0.557121455669,
        "dvar": 0.161896631122,
        "dvar2": 0.414715260267,
        "max": 9.42015552521,
        "mean": 1.45450294018,
        "median": 1.46076750755,
        "min": -0.204689741135,
        "var": 0.604055821896
    },
    "spectral_spread": {
        "dmean": 382537.125,
        "dmean2": 591946.625,
        "dvar": 651962744832,
        "dvar2": 1.31863071949e+012,
        "max": 43653184,
        "mean": 5813918,
        "median": 2681386.25,
        "min": 506497.1875,
        "var": 1.00244209533e+014
    },
    "spectral_strongpeak": {
        "dmean": 0.57791864872,
        "dmean2": 0.984690904617,
        "dvar": 0.942940354347,
        "dvar2": 2.4587957859,
        "max": 12.5576601028,
        "mean": 1.09894704819,
        "median": 0.465166419744,
        "min": 0,
        "var": 1.86636078358
    },
    "zerocrossingrate": {
        "dmean": 0.00875408854336,
        "dmean2": 0.0107501950115,
        "dvar": 0.000170938874362,
        "dvar2": 0.000206972123124,
        "max": 0.53662109375,
        "mean": 0.0968215763569,
        "median": 0.05224609375,
        "min": 0.0029296875,
        "var": 0.0171629749238
    },
    "barkbands": {
        "dmean": [3.50489390257e-005, 0.00397408893332, 0.000890222552698, 0.000670373789035, 0.000353824492777, 0.00076230475679, 0.000487283308757, 0.000907283741981, 0.00102010520641, 0.000470803905046, 0.000461237330455, 0.000499956717249, 0.000527878466528, 0.000335013610311, 0.000501068425365, 0.000360014644684, 0.000320382154314, 0.000169212915353, 0.000188279242138, 0.000123279605759, 1.60823929036e-005, 8.44479291118e-006, 7.51807692723e-006, 8.49753359944e-006, 4.01080706069e-006, 4.69655702773e-007, 7.976733718e-010],
        "dmean2": [5.74606638111e-005, 0.00660381140187, 0.00148811470717, 0.00114746356849, 0.000582443492021, 0.00120950909331, 0.000761535135098, 0.00145314750262, 0.00165321282111, 0.000743006647099, 0.000725986843463, 0.000787428114563, 0.000851803051773, 0.00053031713469, 0.000814908533357, 0.000586911919527, 0.000515213527251, 0.000271444441751, 0.000294015248073, 0.000196951121325, 2.47687312367e-005, 1.25256156025e-005, 1.13379910545e-005, 1.30741727844e-005, 6.36946197119e-006, 7.09715550329e-007, 1.46532475043e-009],
        "dvar": [4.8451269663e-009, 6.77834905218e-005, 3.39881376021e-006, 2.54667588706e-006, 4.34014566508e-007, 2.31066087508e-006, 1.41985105984e-006, 6.13691281615e-006, 6.89022772349e-006, 1.45207820879e-006, 1.86327463325e-006, 1.27437601805e-006, 1.84861085017e-006, 6.70493250254e-007, 1.52337293002e-006, 7.74323609676e-007, 4.73636731613e-007, 1.1812498002e-007, 1.20698302908e-007, 6.73818547625e-008, 9.13337294683e-010, 6.72047917316e-010, 7.50720763332e-010, 4.48336567871e-009, 3.01726488239e-009, 3.85003487424e-012, 1.81466138319e-018],
        "dvar2": [1.22622667575e-008, 0.000178542584763, 9.3764410849e-006, 6.94584605299e-006, 1.09014217742e-006, 5.61323304282e-006, 3.27088946506e-006, 1.6551472072e-005, 1.73158132384e-005, 3.17612762046e-006, 4.56971883978e-006, 2.97976498587e-006, 5.23837843502e-006, 1.68910321463e-006, 4.21402637585e-006, 2.14691658584e-006, 1.27866667299e-006, 3.13922697615e-007, 2.94395164246e-007, 1.79147747303e-007, 2.03423433653e-009, 1.31790911517e-009, 1.52572121603e-009, 1.1137189837e-008, 8.65387672633e-009, 7.67678715735e-012, 5.65364631072e-018],
        "max": [0.00101919344161, 0.0914212912321, 0.0241760779172, 0.0241997800767, 0.0156572647393, 0.0236292593181, 0.028234757483, 0.0491957962513, 0.074299313128, 0.0406176745892, 0.0403111465275, 0.0269748624414, 0.0224152076989, 0.0265165064484, 0.0223791860044, 0.013730764389, 0.022735349834, 0.00615808088332, 0.00653181411326, 0.00561022665352, 0.000643261300866, 0.000972833135165, 0.000914115051273, 0.00280926912092, 0.00285448133945, 8.7572792836e-005, 1.56002872842e-008],
        "mean": [4.58493086626e-005, 0.00475886883214, 0.00113816710655, 0.000747992016841, 0.000585480185691, 0.00155558355618, 0.00107431760989, 0.00193412986118, 0.00181567529216, 0.000833347963635, 0.000769717677031, 0.000932982366066, 0.000784874311648, 0.000508084776811, 0.000817488820758, 0.000603170599788, 0.000608759757597, 0.000332378258463, 0.000442343385657, 0.000288387091132, 3.74596165784e-005, 1.84829477803e-005, 1.60445906658e-005, 1.30000262288e-005, 5.86917894907e-006, 8.34364925595e-007, 6.44559849938e-010],
        "median": [5.77775836064e-006, 0.000247487914748, 8.95121702342e-005, 6.4466992626e-005, 0.000195075583179, 0.00035871975706, 0.00017182470765, 0.000178232672624, 0.000308579823468, 0.000147712853504, 0.000136449845741, 0.000174086628249, 0.000147199796629, 0.000166434110724, 0.0001582288387, 0.000136499817017, 0.000189891725313, 0.000126144979731, 0.000159026458277, 9.75800285232e-005, 1.56180904014e-005, 5.00481019117e-006, 2.63342417384e-006, 1.4681754692e-006, 5.95839026118e-007, 7.59599529943e-008, 1.53232732059e-010],
        "min": [1.4976489773e-025, 2.40375305266e-024, 5.06598486116e-025, 3.36572953283e-025, 3.09890793196e-024, 4.13882579242e-024, 5.38194672789e-024, 5.40660573092e-024, 3.07965203448e-024, 1.14798249592e-023, 1.1350960586e-023, 1.65158080596e-023, 1.29424417083e-023, 2.17651330698e-023, 3.53551364958e-023, 3.12463134501e-023, 4.57943095594e-023, 8.770653363e-023, 1.05002712874e-022, 1.61174784253e-022, 2.29071297681e-022, 2.8771504067e-022, 2.93412156262e-022, 4.5782442567e-022, 7.36235628202e-022, 1.13506254779e-021, 1.88209862842e-021],
        "var": [7.83876252797e-009, 9.15506388992e-005, 4.98099416291e-006, 2.85898249786e-006, 1.11779058898e-006, 9.07194225874e-006, 6.77416664985e-006, 2.01431612368e-005, 1.78696736839e-005, 4.1435428102e-006, 4.04665343012e-006, 4.35952870248e-006, 3.05634807773e-006, 9.58786245064e-007, 3.13403234031e-006, 1.58835064212e-006, 1.19339404137e-006, 3.02892061654e-007, 5.11685072979e-007, 2.49561736609e-007, 3.08154346484e-009, 1.43742084902e-009, 1.34435185206e-009, 4.36622604738e-009, 1.92596161241e-009, 9.12303132344e-012, 1.45908052949e-018]
    },
    "erbbands": {
        "dmean": [0.0820743739605, 1.00983941555, 1.24594521523, 1.75444817543, 1.46233201027, 1.24217677116, 3.21086597443, 6.86351060867, 7.590031147, 9.18110084534, 20.3243217468, 24.0054779053, 14.6235570908, 18.5690116882, 16.8110103607, 20.19298172, 19.8146877289, 17.9585380554, 18.7869853973, 22.0568943024, 20.6498508453, 16.3517341614, 10.1530056, 8.1209154129, 9.4902305603, 5.2306470871, 1.25079393387, 0.440965175629, 0.309005260468, 0.256022691727, 0.21627433598, 0.200927942991, 0.122010454535, 0.0671341791749, 0.015299802646, 0.00401779217646, 0.000473918393254, 1.26140912471e-005, 3.49297829416e-006, 7.19529680282e-006],
        "dmean2": [0.13717341423, 1.68098604679, 2.06015920639, 2.98121714592, 2.45997858047, 2.02747416496, 5.1072602272, 11.0095338821, 11.6293029785, 14.3558492661, 32.7803459167, 38.7061424255, 22.7183914185, 29.0773773193, 25.5749740601, 31.6790924072, 31.6821651459, 28.8717422485, 30.1685943604, 35.0555381775, 33.7081298828, 26.0054187775, 16.3680686951, 12.7645893097, 14.8146104813, 8.17745113373, 1.96598613262, 0.656229496002, 0.456581324339, 0.387792319059, 0.325706094503, 0.310303777456, 0.19013632834, 0.108767859638, 0.0221554860473, 0.00587272690609, 0.000696505187079, 1.79585531441e-005, 5.22671916769e-006, 1.10811843115e-005],
        "dvar": [0.0269309040159, 4.46267271042, 6.61494874954, 16.133682251, 9.05920791626, 6.34512472153, 38.8461837769, 226.510696411, 354.910614014, 418.656707764, 3240.76904297, 4027.6652832, 1233.40869141, 2542.13793945, 1485.71679688, 2400.08081055, 2210.21166992, 1792.47912598, 1490.8885498, 3782.04345703, 2738.23266602, 1070.19873047, 457.941009521, 196.555679321, 406.761260986, 100.657966614, 4.84096336365, 0.827434360981, 0.822499513626, 0.79990452528, 0.631407499313, 1.93605422974, 1.02701807022, 1.03173005581, 0.00373860751279, 0.000246582349064, 6.91041168466e-006, 4.46423742417e-009, 2.55132564381e-011, 9.85111436869e-011],
        "dvar2": [0.0714759007096, 11.7894086838, 17.8174324036, 44.7661819458, 24.2258319855, 15.4905147552, 93.3054962158, 580.591125488, 803.840087891, 927.683349609, 8969.58300781, 10180.4941406, 2784.50537109, 6218.78173828, 3260.81005859, 5573.89892578, 5908.94726563, 4789.64208984, 3801.58203125, 10140.1162109, 7802.09375, 2822.93359375, 1231.77648926, 484.201507568, 1020.30371094, 250.503128052, 12.1213884354, 1.69595170021, 1.64747059345, 1.59022796154, 1.30672490597, 4.68093776703, 2.54149580002, 2.98853182793, 0.00786966271698, 0.000498695066199, 1.23986010294e-005, 7.7906570084e-009, 5.83882386884e-011, 2.44012976491e-010],
        "max": [1.84663832188, 23.6458568573, 35.4076385498, 54.3059501648, 48.8740081787, 77.5642242432, 115.221786499, 293.129608154, 481.574035645, 502.574676514, 1285.95361328, 1810.64221191, 1059.96618652, 1637.83459473, 1089.82861328, 1348.62426758, 732.363952637, 1025.99475098, 803.591186523, 1137.08654785, 888.016052246, 878.897094727, 589.791503906, 323.823852539, 418.960784912, 187.029968262, 37.117931366, 27.3341598511, 31.0067691803, 30.7003192902, 29.8770008087, 53.5471725464, 37.6023292542, 51.3749389648, 2.45394206047, 0.75048160553, 0.146971553564, 0.0036596423015, 0.000126721875858, 0.000130452142912],
        "mean": [0.0960029065609, 1.18037843704, 1.67370760441, 2.13992571831, 2.01916909218, 1.98104810715, 6.53925657272, 13.3883152008, 17.3764228821, 21.4292316437, 42.7914772034, 43.1519508362, 26.3162021637, 32.57421875, 32.4879150391, 38.0403938293, 32.6313819885, 29.6442089081, 33.10496521, 39.0017051697, 38.1147956848, 34.3897743225, 21.6815223694, 19.4455165863, 23.216468811, 13.1048517227, 3.14986658096, 1.06140506268, 0.676246464252, 0.573021531105, 0.444075196981, 0.3187238276, 0.184299856424, 0.0889443382621, 0.0285779796541, 0.00750787509605, 0.000841343251523, 2.58303516603e-005, 1.26698141685e-005, 2.48066990025e-005],
        "median": [0.00623739510775, 0.0529217272997, 0.125845432281, 0.211478695273, 0.388601750135, 0.680832207203, 1.82469069958, 3.07724666595, 2.90746116638, 3.92114400864, 6.18343734741, 8.08145141602, 6.28043174744, 7.18045043945, 8.08653831482, 9.11854839325, 8.28468704224, 10.7173948288, 11.7795305252, 6.83132696152, 8.94403648376, 11.0504550934, 7.45720148087, 9.59566307068, 6.25767087936, 4.56787776947, 1.31667125225, 0.481834620237, 0.196782380342, 0.116754226387, 0.0680692046881, 0.0389132089913, 0.0204808264971, 0.00872236210853, 0.00310967979021, 0.000759321730584, 8.01454807515e-005, 5.66899279875e-006, 1.15823813758e-005, 2.17437118408e-005],
        "min": [3.37186603251e-023, 3.13347239317e-022, 1.24495841971e-021, 2.8140129081e-021, 8.8945576123e-021, 1.99620879976e-020, 2.44921878587e-020, 4.56878994177e-020, 5.03880915234e-020, 1.56004880585e-019, 1.57162649099e-019, 6.33536920296e-020, 3.92011878281e-019, 4.79678935292e-019, 7.02253075603e-019, 1.0523471369e-018, 8.77709353861e-019, 1.4876835045e-018, 1.21647538347e-018, 2.25737692563e-018, 2.84744952432e-018, 3.78301664651e-018, 4.29228527988e-018, 5.34589293664e-018, 7.11557389248e-018, 7.50283834859e-018, 8.00894632483e-018, 8.71788560473e-018, 8.98815198063e-018, 8.23591145003e-018, 9.53909562762e-018, 8.52881031467e-018, 9.24754754892e-018, 7.34232560508e-018, 6.14577782975e-018, 3.85991921447e-018, 2.09679759409e-018, 8.88020056799e-019, 2.23725575723e-019, 2.63229711988e-020],
        "var": [0.035803694278, 5.8963432312, 10.2414417267, 19.8071632385, 14.5335597992, 15.0221176147, 163.75769043, 668.751953125, 1748.53747559, 2236.87768555, 8412.52441406, 9871.85742188, 3388.125, 5635.17724609, 4072.55981445, 7876.44921875, 4211.40576172, 2935.65063477, 3047.46533203, 8673.59472656, 6392.20703125, 3399.95092773, 1328.55712891, 686.502441406, 1803.32263184, 452.618041992, 20.440164566, 2.62428498268, 1.80829441547, 1.56306004524, 1.08754503727, 2.01797842979, 0.975580871105, 0.623532056808, 0.00755377858877, 0.000596676196437, 1.64176726685e-005, 1.11183604545e-008, 1.23233798166e-010, 4.77309580749e-010]
    },
    "gfcc": {
        "mean": [-184.900772095, 109.85836792, -151.803009033, 26.2308731079, -47.7419204712, 3.66052055359, -26.3967437744, 11.4474840164, -13.3418951035, -1.59508752823, 0.723718166351, -8.25481510162, -0.405005991459],
        "cov": [[105446.453125, 12728.3427734, -14948.4560547, 2612.99487305, -3847.73413086, -378.011016846, -2058.42773438, 938.175415039, -725.147766113, -462.599975586, 594.725219727, -1277.68774414, 110.330177307], [12728.3427734, 3817.89233398, -1117.31616211, 367.436523438, -31.5206356049, -329.217498779, 167.093811035, -132.901733398, 8.85810470581, -244.610610962, 155.395294189, -347.009216309, 70.581703186], [-14948.4560547, -1117.31616211, 3478.87719727, 245.689117432, 925.494567871, 307.729949951, 367.19921875, -117.746124268, 187.288665771, 52.3617362976, -176.717819214, 156.190170288, -0.767494976521], [2612.99487305, 367.436523438, 245.689117432, 829.038085938, 290.612518311, 221.602890015, -115.433242798, 118.182914734, 44.5640411377, 12.3017120361, -86.5587844849, -31.0987854004, 33.7000465393], [-3847.73413086, -31.5206356049, 925.494567871, 290.612518311, 679.905273438, 97.0319366455, 199.70463562, -11.9938850403, 101.936271667, -7.91924762726, -26.1241989136, 7.96267223358, 45.4761543274], [-378.011016846, -329.217498779, 307.729949951, 221.602890015, 97.0319366455, 468.252471924, -7.37051677704, 112.902183533, -31.8659248352, 86.4111175537, -90.7079772949, 97.533416748, -47.0277061462], [-2058.42773438, 167.093811035, 367.19921875, -115.433242798, 199.70463562, -7.37051677704, 332.299346924, -20.6981582642, 54.3816337585, -24.9954853058, 29.7323169708, -28.4053630829, -3.06749010086], [938.175415039, -132.901733398, -117.746124268, 118.182914734, -11.9938850403, 112.902183533, -20.6981582642, 172.646560669, 32.4251441956, 57.6858558655, -30.3036899567, 20.5537834167, -2.35066008568], [-725.147766113, 8.85810470581, 187.288665771, 44.5640411377, 101.936271667, -31.8659248352, 54.3816337585, 32.4251441956, 151.448364258, 47.7053833008, -2.11470270157, -27.3095245361, 12.3575820923], [-462.599975586, -244.610610962, 52.3617362976, 12.3017120361, -7.91924762726, 86.4111175537, -24.9954853058, 57.6858558655, 47.7053833008, 143.332565308, -4.28487873077, 42.8864555359, -6.96933364868], [594.725219727, 155.395294189, -176.717819214, -86.5587844849, -26.1241989136, -90.7079772949, 29.7323169708, -30.3036899567, -2.11470270157, -4.28487873077, 123.271377563, 1.55112016201, 22.1891212463], [-1277.68774414, -347.009216309, 156.190170288, -31.0987854004, 7.96267223358, 97.533416748, -28.4053630829, 20.5537834167, -27.3095245361, 42.8864555359, 1.55112016201, 132.546813965, 29.3023433685], [110.330177307, 70.581703186, -0.767494976521, 33.7000465393, 45.4761543274, -47.0277061462, -3.06749010086, -2.35066008568, 12.3575820923, -6.96933364868, 22.1891212463, 29.3023433685, 92.4327087402]],
        "icov": [[0.000123252015328, -0.000277491781162, 0.000342605751939, -0.000347067718394, 0.000330569135258, -0.000280663982267, 0.00022662745323, -0.000279331085039, 1.66458703461e-005, 6.8473360443e-005, -0.000233182407101, 0.000269376905635, -0.000137338938657], [-0.000277491781162, 0.00115405383985, -0.00059651263291, 0.00029608947807, -0.000529854733031, 0.000533413549419, -0.00108282850124, 0.00121676002163, -0.000132006724016, 0.000183743904927, 0.000118602220027, 0.000299742561765, -0.000227828481002], [0.000342605751939, -0.00059651263291, 0.0017017290229, -0.00123598519713, 0.000366815627785, -0.000833226309624, -1.14475442388e-005, 0.000367595843272, -0.000696751347277, 0.000266691611614, 0.000217985114432, -0.000268878909992, 6.20510982117e-005], [-0.000347067718394, 0.00029608947807, -0.00123598519713, 0.00418950524181, -0.0024663133081, -0.000638586119749, 0.00195242580958, -0.00116576382425, -3.77056094294e-005, 0.000153172382852, 0.000893311342224, 0.00124352320563, -0.00101795291994], [0.000330569135258, -0.000529854733031, 0.000366815627785, -0.0024663133081, 0.00461384002119, -0.000966486753896, -0.00136766803917, 0.000114892158308, -0.000894528347999, 0.000704724167008, -0.00120176805649, 0.000892093055882, -0.00171348941512], [-0.000280663982267, 0.000533413549419, -0.000833226309624, -0.000638586119749, -0.000966486753896, 0.00606326572597, -0.00180517986882, -0.000975357950665, 0.0021671615541, -0.00225235032849, 0.00278325239196, -0.00486754998565, 0.00404462078586], [0.00022662745323, -0.00108282850124, -1.14475442388e-005, 0.00195242580958, -0.00136766803917, -0.00180517986882, 0.00692146224901, -0.00250056083314, -0.00077959621558, 0.0013444054639, -0.00221741525456, 0.00260453950614, -0.0003228111309], [-0.000279331085039, 0.00121676002163, 0.000367595843272, -0.00116576382425, 0.000114892158308, -0.000975357950665, -0.00250056083314, 0.0113734155893, -0.0031467275694, -0.00159341841936, 0.00216444651596, -0.0019341094885, -0.000120037439046], [1.66458703461e-005, -0.000132006724016, -0.000696751347277, -3.77056094294e-005, -0.000894528347999, 0.0021671615541, -0.00077959621558, -0.0031467275694, 0.0122137041762, -0.00552363973111, 0.000183472875506, 0.00412297993898, -0.00187474023551], [6.8473360443e-005, 0.000183743904927, 0.000266691611614, 0.000153172382852, 0.000704724167008, -0.00225235032849, 0.0013444054639, -0.00159341841936, -0.00552363973111, 0.0121895903721, -0.0021426056046, -0.00229498185217, 0.00113519909792], [-0.000233182407101, 0.000118602220027, 0.000217985114432, 0.000893311342224, -0.00120176805649, 0.00278325239196, -0.00221741525456, 0.00216444651596, 0.000183472875506, -0.0021426056046, 0.0128878923133, -0.00416752370074, -0.000106090985355], [0.000269376905635, 0.000299742561765, -0.000268878909992, 0.00124352320563, 0.000892093055882, -0.00486754998565, 0.00260453950614, -0.0019341094885, 0.00412297993898, -0.00229498185217, -0.00416752370074, 0.0197427999228, -0.00986671075225], [-0.000137338938657, -0.000227828481002, 6.20510982117e-005, -0.00101795291994, -0.00171348941512, 0.00404462078586, -0.0003228111309, -0.000120037439046, -0.00187474023551, 0.00113519909792, -0.000106090985355, -0.00986671075225, 0.0179048758]]
    },
    "melbands": {
        "dmean": [0.000961535610259, 0.000907766865566, 0.000278715160675, 8.98751604836e-005, 9.4755057944e-005, 0.000150454914547, 0.000113157671876, 0.000129716776428, 0.000163073069416, 0.000150513384142, 7.44617718738e-005, 7.76904198574e-005, 6.22245133854e-005, 5.83878536418e-005, 4.78482506878e-005, 5.08186130901e-005, 3.39719372278e-005, 3.08134440274e-005, 3.9506394387e-005, 1.92121624423e-005, 2.84055840893e-005, 1.69066133822e-005, 1.636127854e-005, 7.61829960538e-006, 7.18209093975e-006, 8.51205277286e-006, 6.64683921059e-006, 3.172345032e-006, 1.07793391635e-006, 3.93033445789e-007, 2.37717699747e-007, 1.850760043e-007, 1.74097522176e-007, 1.46353968944e-007, 1.32499536676e-007, 1.24563186432e-007, 1.37068909112e-007, 8.8844743118e-008, 9.3309502347e-008, 4.51232899934e-008],
        "dmean2": [0.00159850355703, 0.00149866903666, 0.000465850898763, 0.000147712082253, 0.000150883439346, 0.000239631699515, 0.000174484346644, 0.000203469273401, 0.000262990623014, 0.000244083144935, 0.000115368136903, 0.000122033423395, 9.58364253165e-005, 9.18125952012e-005, 7.40923933336e-005, 8.31826182548e-005, 5.43886999367e-005, 4.96343600389e-005, 6.43261082587e-005, 2.99684143101e-005, 4.73465479445e-005, 2.69160263997e-005, 2.69054326054e-005, 1.21927796499e-005, 1.149196396e-005, 1.34889232868e-005, 1.06090901681e-005, 5.03453838974e-006, 1.74832939592e-006, 6.1390466044e-007, 3.59521067139e-007, 2.77346629218e-007, 2.70186632179e-007, 2.26362857347e-007, 2.06370486922e-007, 1.90823342905e-007, 2.19611834495e-007, 1.41199109294e-007, 1.56298185061e-007, 7.41196259924e-008],
        "dvar": [3.8703451537e-006, 3.4700424294e-006, 3.85831867789e-007, 2.95505078185e-008, 3.2075973877e-008, 1.01253448292e-007, 7.66871792734e-008, 9.05588919409e-008, 1.65470140701e-007, 1.86796825119e-007, 3.18203881022e-008, 4.4508272623e-008, 2.76418621326e-008, 1.86613604569e-008, 1.55847956762e-008, 2.04082279964e-008, 7.10322201058e-009, 4.33365299202e-009, 1.34609612346e-008, 2.00650118742e-009, 5.82182657638e-009, 1.08948627897e-009, 2.00062366673e-009, 2.17884765785e-010, 1.60350219214e-010, 3.52936568859e-010, 2.31287114461e-010, 3.68771575776e-011, 4.21894377073e-012, 5.57722216934e-013, 2.76624128335e-013, 2.82583011895e-013, 3.19759762288e-013, 2.6152289969e-013, 2.28371927488e-013, 3.6989619809e-013, 1.39142679583e-012, 5.41416304151e-013, 1.73914268403e-012, 4.87564307504e-013],
        "dvar2": [1.0211640074e-005, 9.16889712244e-006, 1.0529258816e-006, 7.52179047936e-008, 7.51753930217e-008, 2.53805211514e-007, 1.75172488071e-007, 2.14331919324e-007, 4.49870924513e-007, 4.71804497693e-007, 7.15862285006e-008, 1.07800829596e-007, 6.39866328811e-008, 4.37107416928e-008, 3.83966778372e-008, 6.03000813726e-008, 1.86573174688e-008, 1.06865671867e-008, 3.79857496569e-008, 4.75707917502e-009, 1.68118354793e-008, 2.80649836704e-009, 5.55315660122e-009, 5.72112413e-010, 4.04564964862e-010, 9.14650688522e-010, 6.34125585375e-010, 9.09913394631e-011, 1.14190401926e-011, 1.26479881256e-012, 5.92414734889e-013, 5.96770083437e-013, 6.63967036733e-013, 5.31882101296e-013, 4.98530578798e-013, 8.16101418215e-013, 3.64065375069e-012, 1.41001489998e-012, 4.90470945108e-012, 1.43203992501e-012],
        "max": [0.0213588736951, 0.0213602986187, 0.00901575386524, 0.00302541768178, 0.00337737402879, 0.00575092341751, 0.0066656540148, 0.00573756732047, 0.00905344262719, 0.0131734404713, 0.00510274525732, 0.00703465379775, 0.00542469508946, 0.00321275810711, 0.00298863858916, 0.00251324335113, 0.00244434038177, 0.00134470080957, 0.0023681728635, 0.000839682586957, 0.00136752508115, 0.000572138931602, 0.00161454733461, 0.00030893587973, 0.000272692210274, 0.00035547229345, 0.000360396137694, 0.000102700767457, 3.42933526554e-005, 1.71074461832e-005, 1.59515748237e-005, 1.7311924239e-005, 1.94656331587e-005, 1.64192715602e-005, 1.45374842759e-005, 2.87535422103e-005, 5.29253920831e-005, 3.1805549952e-005, 5.1781305956e-005, 3.68798355339e-005],
        "mean": [0.00114178133663, 0.00119454006199, 0.000366178486729, 0.000140907461173, 0.000200570313609, 0.000301946362015, 0.000254141166806, 0.000293039600365, 0.000345670006936, 0.000262012967141, 0.00012838015391, 0.000131198350573, 0.000111176297651, 0.00010808720981, 7.92917126091e-005, 7.37894006306e-005, 5.24149254488e-005, 4.97770306538e-005, 6.3788414991e-005, 3.43026586052e-005, 4.82384311908e-005, 3.3542062738e-005, 2.98237009702e-005, 1.45373996929e-005, 1.52796219481e-005, 1.81532541319e-005, 1.46253223647e-005, 7.18759838492e-006, 2.259649591e-006, 8.37664174469e-007, 5.0036680932e-007, 3.76261908741e-007, 3.47840995119e-007, 3.04777643123e-007, 2.62826148401e-007, 2.16432496813e-007, 1.88789528011e-007, 1.3111429098e-007, 1.10698664457e-007, 6.18927487039e-008],
        "median": [6.41886945232e-005, 7.60250914027e-005, 4.28888524766e-005, 3.47734639945e-005, 5.8408404584e-005, 6.90062734066e-005, 4.0306495066e-005, 4.05869031965e-005, 5.29441567778e-005, 4.28882121923e-005, 2.57713782048e-005, 2.36442447203e-005, 2.16931348405e-005, 1.94051390281e-005, 1.89025086001e-005, 1.40824586197e-005, 1.68476981344e-005, 1.7299058527e-005, 1.05355711639e-005, 7.19324134479e-006, 1.00698307506e-005, 1.07661398943e-005, 8.41514611238e-006, 5.67871074963e-006, 7.23025596017e-006, 4.40341955255e-006, 4.22172024628e-006, 2.41227985498e-006, 8.42397184897e-007, 3.52044082774e-007, 2.10426009062e-007, 1.0734475353e-007, 7.66983418998e-008, 5.71306308927e-008, 3.8978225092e-008, 3.00555420552e-008, 2.04012398086e-008, 1.53521977353e-008, 9.78363257076e-009, 6.10972872295e-009],
        "min": [8.58113623584e-025, 6.29222673706e-025, 6.08342413013e-025, 1.08009878649e-024, 6.74018238816e-025, 1.01975053281e-024, 8.50042689055e-025, 1.17024221795e-024, 1.0011263157e-024, 3.6509458909e-025, 1.98960975489e-024, 1.48896046329e-024, 1.85673934882e-024, 1.91127626143e-024, 1.62700007765e-024, 1.59568377882e-024, 2.48538023761e-024, 1.34501592923e-024, 2.16553480865e-024, 2.00519370207e-024, 2.40017201858e-024, 2.68230397981e-024, 3.6795367739e-024, 3.50499538217e-024, 3.4666662085e-024, 3.83584680126e-024, 4.03067611776e-024, 3.28896148454e-024, 3.52911756536e-024, 3.11070988275e-024, 4.25504985288e-024, 4.47940189432e-024, 4.24124202602e-024, 4.2801995274e-024, 4.73874977767e-024, 5.48769353223e-024, 4.19173272118e-024, 5.31699823184e-024, 6.25835699409e-024, 5.01009978527e-024],
        "var": [5.19331069881e-006, 5.2814693845e-006, 5.23356050053e-007, 6.77540015204e-008, 1.43854563817e-007, 3.37432680908e-007, 3.75145020826e-007, 4.45118075731e-007, 4.75097067465e-007, 4.25756695677e-007, 8.62880895625e-008, 9.98699434263e-008, 6.50100062671e-008, 6.20817530717e-008, 3.20588178226e-008, 3.10481382826e-008, 1.02113784095e-008, 8.08863909185e-009, 2.60196326707e-008, 4.84850115612e-009, 1.20378302881e-008, 3.12904413491e-009, 4.31928803835e-009, 4.93406815405e-010, 4.41965547493e-010, 1.2346382805e-009, 7.36966987436e-010, 1.34655286921e-010, 1.25284184069e-011, 1.5789800023e-012, 7.29099560674e-013, 5.7915488811e-013, 5.96112460609e-013, 4.75898183708e-013, 3.66687068079e-013, 4.86117439705e-013, 1.16117792465e-012, 4.60292123427e-013, 1.11514996456e-012, 2.82638902517e-013]
    },
    "mfcc": {
        "mean": [-749.399597168, 124.760505676, -38.0402107239, 19.2374916077, -1.08258700371, -5.71647691727, 2.40119576454, 3.7916033268, -3.4478635788, 8.13768577576, 0.160004749894, 3.05180239677, 3.1128423214],
        "cov": [[30759.7714844, 6671.00634766, -3590.1328125, 1279.66040039, -422.412750244, -599.154052734, -118.256851196, 97.5813140869, -343.553741455, 650.066162109, -97.0041885376, 211.461303711, 240.765625], [6671.00634766, 3791.70947266, -491.101989746, 630.588134766, -126.336380005, -72.9104919434, 177.358779907, 35.6499252319, -32.9519767761, 88.4734725952, -15.3158788681, 56.9804000854, 15.9436473846], [-3590.1328125, -491.101989746, 1410.67956543, 178.324371338, 355.867370605, 362.64743042, 77.0144805908, 84.4808502197, 194.883041382, -63.8831291199, 29.331735611, -5.98773765564, -16.7052154541], [1279.66040039, 630.588134766, 178.324371338, 703.481811523, 368.716308594, 117.524871826, 68.5901870728, 70.3639526367, 120.750892639, 96.16771698, -48.9390983582, -7.67295503616, 57.2386398315], [-422.412750244, -126.336380005, 355.867370605, 368.716308594, 521.073608398, 223.297744751, 56.6492233276, 91.7444000244, 131.983581543, 44.2532806396, -15.3832235336, -16.838010788, 41.7160758972], [-599.154052734, -72.9104919434, 362.64743042, 117.524871826, 223.297744751, 308.397705078, 115.120903015, 86.5369949341, 115.509338379, -15.3909406662, 40.0774765015, 15.42578125, 0.123258799314], [-118.256851196, 177.358779907, 77.0144805908, 68.5901870728, 56.6492233276, 115.120903015, 200.235610962, 92.7967147827, 41.7175521851, -7.53608179092, 19.6819438934, 15.5896701813, 5.89113950729], [97.5813140869, 35.6499252319, 84.4808502197, 70.3639526367, 91.7444000244, 86.5369949341, 92.7967147827, 142.0128479, 68.5780639648, 5.63817644119, 11.3904628754, 8.88633918762, 5.73249006271], [-343.553741455, -32.9519767761, 194.883041382, 120.750892639, 131.983581543, 115.509338379, 41.7175521851, 68.5780639648, 187.753875732, 48.3039741516, 26.3203449249, 19.351688385, 18.0746440887], [650.066162109, 88.4734725952, -63.8831291199, 96.16771698, 44.2532806396, -15.3909406662, -7.53608179092, 5.63817644119, 48.3039741516, 139.161010742, 29.5337696075, 20.2203712463, 24.5311336517], [-97.0041885376, -15.3158788681, 29.331735611, -48.9390983582, -15.3832235336, 40.0774765015, 19.6819438934, 11.3904628754, 26.3203449249, 29.5337696075, 93.7690582275, 39.8086051941, -2.62379717827], [211.461303711, 56.9804000854, -5.98773765564, -7.67295503616, -16.838010788, 15.42578125, 15.5896701813, 8.88633918762, 19.351688385, 20.2203712463, 39.8086051941, 74.4411697388, 29.3956546783], [240.765625, 15.9436473846, -16.7052154541, 57.2386398315, 41.7160758972, 0.123258799314, 5.89113950729, 5.73249006271, 18.0746440887, 24.5311336517, -2.62379717827, 29.3956546783, 82.6004943848]],
